1|0|6|6|0|u|0|_|a|6|6|0 
1|1|3|3|5|u|0|_|a|1|3|3|5
5 DAY AGO
1|1|6|2|1|u|0|_|a|1|6|2|1 5 DAY
1|0|8|3|5|u|0|_|a|8|3|5 5 DAY
1|0|8|3|5|u|0|_|a|8|5|5 ARAM
1|0|2|4|7|u|0|_|a|2|4|7
1‌{}1‌{}1‌{}1‌{}0‌{}u‌{}0‌{}_‌{}a‌{}1‌{}1‌{}1‌{}0
1|0|2|8|0|u|0|_|a|2|8|0
1|0|3|5|9|u|0|_|a|3|5|9
1|0|2|7|0|u|0|_|a|2|7|0
1|0|1|3|0|u|0|_|a|1|3|0
1|0|1|9|0|u|0|_|a|1|9|0
1|0|7|5|2|u|0|_|a|7|5|2
1|0|2|4|2|u|0|_|a|2|4|2
1|2|7|6|5|u|0|_|a|2|7|6|5
1|0|2|5|2|u|0|_|a|2|5|2
1|0|5|6|7|u|0|_|a|5|6|7
1|0|3|0|4|u|0|_|a|3|0|4
1|0|2|6|5|u|0|_|a|2|6|5
1|1|2|6|3|u|0|_|a|1|2|6|3
1|0|3|6|6|u|0|_|a|3|6|6
1|0|2|7|1|u|0|_|a|2|7|1
